{
 "cells": [
  {
   "cell_type": "code",
   "execution_count": 125,
   "id": "f925680d-b661-43b7-85e5-dd2255a1bf6f",
   "metadata": {},
   "outputs": [],
   "source": [
    "import numpy as np\n",
    "import pandas as pd\n",
    "import os\n",
    "from tqdm import tqdm\n",
    "import datetime\n",
    "from dateutil import parser\n",
    "import matplotlib.pyplot as plt\n",
    "import seaborn as sns"
   ]
  },
  {
   "cell_type": "markdown",
   "id": "7df63cb5-a1ab-490a-bcea-078adfe85a06",
   "metadata": {},
   "source": [
    "# Import Data"
   ]
  },
  {
   "cell_type": "code",
   "execution_count": 25,
   "id": "90dda1e0-753c-4088-9e3a-27176740f321",
   "metadata": {},
   "outputs": [],
   "source": [
    "path = '/Users/djw/Documents/pCloud_synced/Academics/Projects/2020_thesis/thesis_experiments/3_experiments/3_3_experience_sampling/3_3_1_raw_data/testing/run1_check_adherence/'"
   ]
  },
  {
   "cell_type": "code",
   "execution_count": 193,
   "id": "7cf94470-fdf8-4f15-9098-bd66c3971a0d",
   "metadata": {},
   "outputs": [],
   "source": [
    "save_path = '/Users/djw/Documents/pCloud_synced/Academics/Projects/2020_thesis/thesis_experiments/3_experiments/3_3_experience_sampling/3_3_2_processed_data/'"
   ]
  },
  {
   "cell_type": "code",
   "execution_count": 15,
   "id": "82612d9e-2c47-4c7f-babe-94e4864897f9",
   "metadata": {},
   "outputs": [],
   "source": [
    "# Study Participants"
   ]
  },
  {
   "cell_type": "code",
   "execution_count": 26,
   "id": "ce1fa99e-6911-4e95-87d8-10511c771ae9",
   "metadata": {},
   "outputs": [],
   "source": [
    "subjects = pd.read_csv(path + 'run1_participants.csv')\n",
    "subjects = subjects.ParticipantIdentifier"
   ]
  },
  {
   "cell_type": "markdown",
   "id": "0bd10752-d374-4cb8-a783-5ee62fddae40",
   "metadata": {
    "tags": []
   },
   "source": [
    "## Survey Questions"
   ]
  },
  {
   "cell_type": "code",
   "execution_count": 197,
   "id": "016f5efe-a6bd-4dc2-8b5a-868d07ac7a8c",
   "metadata": {},
   "outputs": [
    {
     "name": "stdout",
     "output_type": "stream",
     "text": [
      "deleted existing df\n"
     ]
    }
   ],
   "source": [
    "# erase df if it already exists\n",
    "if 'df' in globals():\n",
    "    del(df)\n",
    "    print('deleted existing df')"
   ]
  },
  {
   "cell_type": "code",
   "execution_count": 198,
   "id": "88dc0ce4-86c9-4bec-b40b-e33e543f69df",
   "metadata": {},
   "outputs": [
    {
     "name": "stderr",
     "output_type": "stream",
     "text": [
      "100%|██████████████████████████████████████████████████████████████████| 44/44 [00:02<00:00, 21.81it/s]\n"
     ]
    }
   ],
   "source": [
    "# loop through all days\n",
    "days = [i for i in os.listdir(path) if i.startswith('RK')]\n",
    "for day in tqdm(days):\n",
    "    files = os.listdir(path + day)\n",
    "    surveyQuestions = [i for i in files if i.startswith('SurveyQuestionResults')]\n",
    "    # there should be only one\n",
    "    for file in surveyQuestions:\n",
    "        if 'df' not in globals():\n",
    "            df = pd.read_csv(path + day + '/' + file)\n",
    "        else:\n",
    "            temp_df = pd.read_csv(path + day + '/' + file)\n",
    "            df = pd.concat([df,temp_df], axis=0)"
   ]
  },
  {
   "cell_type": "code",
   "execution_count": 199,
   "id": "394e56fd-7d1a-48bc-be32-40d69c5d5ce2",
   "metadata": {},
   "outputs": [
    {
     "data": {
      "text/plain": [
       "(396579, 8)"
      ]
     },
     "execution_count": 199,
     "metadata": {},
     "output_type": "execute_result"
    }
   ],
   "source": [
    "df.shape"
   ]
  },
  {
   "cell_type": "code",
   "execution_count": 200,
   "id": "e91b5c7f-45e5-4391-85c5-373e9798e42b",
   "metadata": {},
   "outputs": [
    {
     "data": {
      "text/html": [
       "<div>\n",
       "<style scoped>\n",
       "    .dataframe tbody tr th:only-of-type {\n",
       "        vertical-align: middle;\n",
       "    }\n",
       "\n",
       "    .dataframe tbody tr th {\n",
       "        vertical-align: top;\n",
       "    }\n",
       "\n",
       "    .dataframe thead th {\n",
       "        text-align: right;\n",
       "    }\n",
       "</style>\n",
       "<table border=\"1\" class=\"dataframe\">\n",
       "  <thead>\n",
       "    <tr style=\"text-align: right;\">\n",
       "      <th></th>\n",
       "      <th>ParticipantIdentifier</th>\n",
       "      <th>ResultIdentifier</th>\n",
       "      <th>Answers</th>\n",
       "      <th>EndDate</th>\n",
       "    </tr>\n",
       "  </thead>\n",
       "  <tbody>\n",
       "    <tr>\n",
       "      <th>0</th>\n",
       "      <td>6338356d-f098-46ea-b270-10c6fff7e67e</td>\n",
       "      <td>WEEKLY_goal_report1</td>\n",
       "      <td>19</td>\n",
       "      <td>2022-10-21T21:55:56-04:00</td>\n",
       "    </tr>\n",
       "    <tr>\n",
       "      <th>1</th>\n",
       "      <td>6338356d-f098-46ea-b270-10c6fff7e67e</td>\n",
       "      <td>WEEKLY_goal_report2</td>\n",
       "      <td>2</td>\n",
       "      <td>2022-10-21T21:55:59-04:00</td>\n",
       "    </tr>\n",
       "    <tr>\n",
       "      <th>2</th>\n",
       "      <td>c62ae7a2-6fe6-4fd5-9b9e-93773b08d8b9</td>\n",
       "      <td>task_custom_bart_info1</td>\n",
       "      <td>{\"totalEarnings\":0}</td>\n",
       "      <td>2022-10-24T07:04:41-04:00</td>\n",
       "    </tr>\n",
       "    <tr>\n",
       "      <th>3</th>\n",
       "      <td>c62ae7a2-6fe6-4fd5-9b9e-93773b08d8b9</td>\n",
       "      <td>task_custom_bart_info2</td>\n",
       "      <td>{\"totalEarnings\":0}</td>\n",
       "      <td>2022-10-24T07:04:41-04:00</td>\n",
       "    </tr>\n",
       "    <tr>\n",
       "      <th>4</th>\n",
       "      <td>c62ae7a2-6fe6-4fd5-9b9e-93773b08d8b9</td>\n",
       "      <td>task_custom_bart_info3</td>\n",
       "      <td>{\"totalEarnings\":0}</td>\n",
       "      <td>2022-10-24T07:04:42-04:00</td>\n",
       "    </tr>\n",
       "  </tbody>\n",
       "</table>\n",
       "</div>"
      ],
      "text/plain": [
       "                  ParticipantIdentifier        ResultIdentifier  \\\n",
       "0  6338356d-f098-46ea-b270-10c6fff7e67e     WEEKLY_goal_report1   \n",
       "1  6338356d-f098-46ea-b270-10c6fff7e67e     WEEKLY_goal_report2   \n",
       "2  c62ae7a2-6fe6-4fd5-9b9e-93773b08d8b9  task_custom_bart_info1   \n",
       "3  c62ae7a2-6fe6-4fd5-9b9e-93773b08d8b9  task_custom_bart_info2   \n",
       "4  c62ae7a2-6fe6-4fd5-9b9e-93773b08d8b9  task_custom_bart_info3   \n",
       "\n",
       "               Answers                    EndDate  \n",
       "0                   19  2022-10-21T21:55:56-04:00  \n",
       "1                    2  2022-10-21T21:55:59-04:00  \n",
       "2  {\"totalEarnings\":0}  2022-10-24T07:04:41-04:00  \n",
       "3  {\"totalEarnings\":0}  2022-10-24T07:04:41-04:00  \n",
       "4  {\"totalEarnings\":0}  2022-10-24T07:04:42-04:00  "
      ]
     },
     "execution_count": 200,
     "metadata": {},
     "output_type": "execute_result"
    }
   ],
   "source": [
    "# select relevant columns\n",
    "df = df[['ParticipantIdentifier', 'ResultIdentifier', 'Answers', 'EndDate']]\n",
    "df = df.reset_index(drop=True)\n",
    "df.head()"
   ]
  },
  {
   "cell_type": "code",
   "execution_count": 201,
   "id": "a4d35998-fa5c-4ef0-9801-30fd8abba1a4",
   "metadata": {},
   "outputs": [
    {
     "data": {
      "text/plain": [
       "ParticipantIdentifier     0\n",
       "ResultIdentifier          0\n",
       "Answers                   0\n",
       "EndDate                  15\n",
       "dtype: int64"
      ]
     },
     "execution_count": 201,
     "metadata": {},
     "output_type": "execute_result"
    }
   ],
   "source": [
    "# check for na dates...\n",
    "df.isna().sum()"
   ]
  },
  {
   "cell_type": "code",
   "execution_count": 202,
   "id": "c10b5b23-d1de-4427-bb89-a5923f048f0d",
   "metadata": {},
   "outputs": [],
   "source": [
    "df = df.dropna(subset=['EndDate']).reset_index(drop=True)"
   ]
  },
  {
   "cell_type": "code",
   "execution_count": 203,
   "id": "bd7c0d73-7d35-463a-a3f1-562e74297003",
   "metadata": {},
   "outputs": [],
   "source": [
    "# select only subjects in run 1\n",
    "df = df.loc[df.ParticipantIdentifier.isin(subjects)].reset_index(drop=True)"
   ]
  },
  {
   "cell_type": "code",
   "execution_count": 204,
   "id": "de144b0c-3dd2-4868-9b64-a5590d052cde",
   "metadata": {
    "tags": []
   },
   "outputs": [
    {
     "name": "stderr",
     "output_type": "stream",
     "text": [
      "100%|████████████████████████████████████████████████████████| 390923/390923 [01:19<00:00, 4926.55it/s]\n"
     ]
    }
   ],
   "source": [
    "# add trial date and time columns\n",
    "for i in tqdm(range(df.shape[0])):\n",
    "    dt = parser.parse(df.loc[i, 'EndDate'])\n",
    "    df.loc[i, 'datetime'] = dt\n",
    "    df.loc[i, 'trial_date'] = (dt + datetime.timedelta(hours = -4)).date() # trial day associated with sample (4am is when the day flips)\n",
    "    df.loc[i, 'time'] = dt.time()"
   ]
  },
  {
   "cell_type": "code",
   "execution_count": 205,
   "id": "ecf31261-8539-4788-b269-656589f10d50",
   "metadata": {},
   "outputs": [
    {
     "data": {
      "text/html": [
       "<div>\n",
       "<style scoped>\n",
       "    .dataframe tbody tr th:only-of-type {\n",
       "        vertical-align: middle;\n",
       "    }\n",
       "\n",
       "    .dataframe tbody tr th {\n",
       "        vertical-align: top;\n",
       "    }\n",
       "\n",
       "    .dataframe thead th {\n",
       "        text-align: right;\n",
       "    }\n",
       "</style>\n",
       "<table border=\"1\" class=\"dataframe\">\n",
       "  <thead>\n",
       "    <tr style=\"text-align: right;\">\n",
       "      <th></th>\n",
       "      <th>ParticipantIdentifier</th>\n",
       "      <th>ResultIdentifier</th>\n",
       "      <th>Answers</th>\n",
       "      <th>EndDate</th>\n",
       "      <th>datetime</th>\n",
       "      <th>trial_date</th>\n",
       "      <th>time</th>\n",
       "    </tr>\n",
       "  </thead>\n",
       "  <tbody>\n",
       "    <tr>\n",
       "      <th>0</th>\n",
       "      <td>6338356d-f098-46ea-b270-10c6fff7e67e</td>\n",
       "      <td>WEEKLY_goal_report1</td>\n",
       "      <td>19</td>\n",
       "      <td>2022-10-21T21:55:56-04:00</td>\n",
       "      <td>2022-10-21 21:55:56-04:00</td>\n",
       "      <td>2022-10-21</td>\n",
       "      <td>21:55:56</td>\n",
       "    </tr>\n",
       "    <tr>\n",
       "      <th>1</th>\n",
       "      <td>6338356d-f098-46ea-b270-10c6fff7e67e</td>\n",
       "      <td>WEEKLY_goal_report2</td>\n",
       "      <td>2</td>\n",
       "      <td>2022-10-21T21:55:59-04:00</td>\n",
       "      <td>2022-10-21 21:55:59-04:00</td>\n",
       "      <td>2022-10-21</td>\n",
       "      <td>21:55:59</td>\n",
       "    </tr>\n",
       "    <tr>\n",
       "      <th>2</th>\n",
       "      <td>c62ae7a2-6fe6-4fd5-9b9e-93773b08d8b9</td>\n",
       "      <td>task_custom_bart_info1</td>\n",
       "      <td>{\"totalEarnings\":0}</td>\n",
       "      <td>2022-10-24T07:04:41-04:00</td>\n",
       "      <td>2022-10-24 07:04:41-04:00</td>\n",
       "      <td>2022-10-24</td>\n",
       "      <td>07:04:41</td>\n",
       "    </tr>\n",
       "    <tr>\n",
       "      <th>3</th>\n",
       "      <td>c62ae7a2-6fe6-4fd5-9b9e-93773b08d8b9</td>\n",
       "      <td>task_custom_bart_info2</td>\n",
       "      <td>{\"totalEarnings\":0}</td>\n",
       "      <td>2022-10-24T07:04:41-04:00</td>\n",
       "      <td>2022-10-24 07:04:41-04:00</td>\n",
       "      <td>2022-10-24</td>\n",
       "      <td>07:04:41</td>\n",
       "    </tr>\n",
       "    <tr>\n",
       "      <th>4</th>\n",
       "      <td>c62ae7a2-6fe6-4fd5-9b9e-93773b08d8b9</td>\n",
       "      <td>task_custom_bart_info3</td>\n",
       "      <td>{\"totalEarnings\":0}</td>\n",
       "      <td>2022-10-24T07:04:42-04:00</td>\n",
       "      <td>2022-10-24 07:04:42-04:00</td>\n",
       "      <td>2022-10-24</td>\n",
       "      <td>07:04:42</td>\n",
       "    </tr>\n",
       "  </tbody>\n",
       "</table>\n",
       "</div>"
      ],
      "text/plain": [
       "                  ParticipantIdentifier        ResultIdentifier  \\\n",
       "0  6338356d-f098-46ea-b270-10c6fff7e67e     WEEKLY_goal_report1   \n",
       "1  6338356d-f098-46ea-b270-10c6fff7e67e     WEEKLY_goal_report2   \n",
       "2  c62ae7a2-6fe6-4fd5-9b9e-93773b08d8b9  task_custom_bart_info1   \n",
       "3  c62ae7a2-6fe6-4fd5-9b9e-93773b08d8b9  task_custom_bart_info2   \n",
       "4  c62ae7a2-6fe6-4fd5-9b9e-93773b08d8b9  task_custom_bart_info3   \n",
       "\n",
       "               Answers                    EndDate                   datetime  \\\n",
       "0                   19  2022-10-21T21:55:56-04:00  2022-10-21 21:55:56-04:00   \n",
       "1                    2  2022-10-21T21:55:59-04:00  2022-10-21 21:55:59-04:00   \n",
       "2  {\"totalEarnings\":0}  2022-10-24T07:04:41-04:00  2022-10-24 07:04:41-04:00   \n",
       "3  {\"totalEarnings\":0}  2022-10-24T07:04:41-04:00  2022-10-24 07:04:41-04:00   \n",
       "4  {\"totalEarnings\":0}  2022-10-24T07:04:42-04:00  2022-10-24 07:04:42-04:00   \n",
       "\n",
       "   trial_date      time  \n",
       "0  2022-10-21  21:55:56  \n",
       "1  2022-10-21  21:55:59  \n",
       "2  2022-10-24  07:04:41  \n",
       "3  2022-10-24  07:04:41  \n",
       "4  2022-10-24  07:04:42  "
      ]
     },
     "execution_count": 205,
     "metadata": {},
     "output_type": "execute_result"
    }
   ],
   "source": [
    "df.head()"
   ]
  },
  {
   "cell_type": "code",
   "execution_count": 213,
   "id": "132a8a52-29a2-44dd-9324-8e631f9dc17a",
   "metadata": {},
   "outputs": [],
   "source": [
    "# save to csv\n",
    "df.to_csv(save_path + 'run1_survey_results.csv')"
   ]
  },
  {
   "cell_type": "markdown",
   "id": "d4368ca4-a460-4db2-8c44-bcf868e91b04",
   "metadata": {},
   "source": [
    "# Gap App"
   ]
  },
  {
   "cell_type": "markdown",
   "id": "802ead97-40e3-435a-9a94-73c20a0d7fdd",
   "metadata": {},
   "source": [
    "## Self Report"
   ]
  },
  {
   "cell_type": "markdown",
   "id": "ac22904e-17fd-4648-a0cb-942665b2f7bf",
   "metadata": {},
   "source": [
    "### Affect"
   ]
  },
  {
   "cell_type": "markdown",
   "id": "e6bc8b98-4165-4715-8fe4-915301aa3665",
   "metadata": {},
   "source": [
    "#### Select Data"
   ]
  },
  {
   "cell_type": "code",
   "execution_count": 102,
   "id": "776c2633-8d60-4048-8936-71a3a4d970ef",
   "metadata": {},
   "outputs": [],
   "source": [
    "df_affect = df.loc[df.ResultIdentifier.str.startswith('affect_')].reset_index(drop=True)\n",
    "df_affect_am = df.loc[(df.ResultIdentifier.str.startswith('affect_')) & (df.ResultIdentifier.str.endswith('am'))].reset_index(drop=True)\n",
    "df_affect_pm = df.loc[(df.ResultIdentifier.str.startswith('affect_')) & (~df.ResultIdentifier.str.endswith('am'))].reset_index(drop=True)"
   ]
  },
  {
   "cell_type": "code",
   "execution_count": 105,
   "id": "090c7733-9dcc-4226-83e9-50a113962921",
   "metadata": {},
   "outputs": [
    {
     "data": {
      "text/plain": [
       "(22060, 7)"
      ]
     },
     "execution_count": 105,
     "metadata": {},
     "output_type": "execute_result"
    }
   ],
   "source": [
    "df_affect_am.shape"
   ]
  },
  {
   "cell_type": "code",
   "execution_count": 106,
   "id": "00b1af6a-b3fa-4c83-a4c4-8cb91029ba87",
   "metadata": {},
   "outputs": [
    {
     "data": {
      "text/plain": [
       "(54840, 7)"
      ]
     },
     "execution_count": 106,
     "metadata": {},
     "output_type": "execute_result"
    }
   ],
   "source": [
    "df_affect_pm.shape"
   ]
  },
  {
   "cell_type": "markdown",
   "id": "46b13ed6-1749-4a69-a1ff-d98087b11d81",
   "metadata": {},
   "source": [
    "#### Convert to Wide"
   ]
  },
  {
   "cell_type": "code",
   "execution_count": 832,
   "id": "11ce9172-2394-46d3-b6c6-bd16e329f87e",
   "metadata": {},
   "outputs": [],
   "source": [
    "df_affect_pm_wide = df_affect_pm.pivot_table(index=[\"ParticipantIdentifier\", \"trial_date\"], \n",
    "                    columns='ResultIdentifier', \n",
    "                    values='Answers').reset_index()\n",
    "# get rid of name on index\n",
    "df_affect_pm_wide = df_affect_pm_wide.rename_axis(None, axis=1)\n",
    "\n",
    "df_affect_am_wide = df_affect_am.pivot_table(index=[\"ParticipantIdentifier\", \"trial_date\"], \n",
    "                    columns='ResultIdentifier', \n",
    "                    values='Answers').reset_index()\n",
    "# get rid of name on index\n",
    "df_affect_am_wide = df_affect_am_wide.rename_axis(None, axis=1)"
   ]
  },
  {
   "cell_type": "code",
   "execution_count": 833,
   "id": "75b7666d-0ad1-4c07-9b97-74c9b3fae07e",
   "metadata": {},
   "outputs": [
    {
     "data": {
      "text/html": [
       "<div>\n",
       "<style scoped>\n",
       "    .dataframe tbody tr th:only-of-type {\n",
       "        vertical-align: middle;\n",
       "    }\n",
       "\n",
       "    .dataframe tbody tr th {\n",
       "        vertical-align: top;\n",
       "    }\n",
       "\n",
       "    .dataframe thead th {\n",
       "        text-align: right;\n",
       "    }\n",
       "</style>\n",
       "<table border=\"1\" class=\"dataframe\">\n",
       "  <thead>\n",
       "    <tr style=\"text-align: right;\">\n",
       "      <th></th>\n",
       "      <th>ParticipantIdentifier</th>\n",
       "      <th>trial_date</th>\n",
       "      <th>affect_neg_angry</th>\n",
       "      <th>affect_neg_ashamed</th>\n",
       "      <th>affect_neg_bored</th>\n",
       "      <th>affect_neg_depressed</th>\n",
       "      <th>affect_neg_embarrassed</th>\n",
       "      <th>affect_neg_frustrated</th>\n",
       "      <th>affect_neg_guilty</th>\n",
       "      <th>affect_neg_lazy</th>\n",
       "      <th>...</th>\n",
       "      <th>affect_neg_sad_am</th>\n",
       "      <th>affect_neg_stressed_am</th>\n",
       "      <th>affect_pos_amused_am</th>\n",
       "      <th>affect_pos_appreciated_am</th>\n",
       "      <th>affect_pos_excited_am</th>\n",
       "      <th>affect_pos_focused_am</th>\n",
       "      <th>affect_pos_happy_am</th>\n",
       "      <th>affect_pos_hopeful_am</th>\n",
       "      <th>affect_pos_motivated_am</th>\n",
       "      <th>affect_pos_relaxedCalm_am</th>\n",
       "    </tr>\n",
       "  </thead>\n",
       "  <tbody>\n",
       "    <tr>\n",
       "      <th>0</th>\n",
       "      <td>01801252-3a7e-4f5f-8b6d-49e8da3902f3</td>\n",
       "      <td>2022-09-27</td>\n",
       "      <td>1.0</td>\n",
       "      <td>1.0</td>\n",
       "      <td>1.0</td>\n",
       "      <td>1.0</td>\n",
       "      <td>2.0</td>\n",
       "      <td>3.0</td>\n",
       "      <td>2.0</td>\n",
       "      <td>1.0</td>\n",
       "      <td>...</td>\n",
       "      <td>NaN</td>\n",
       "      <td>NaN</td>\n",
       "      <td>NaN</td>\n",
       "      <td>NaN</td>\n",
       "      <td>NaN</td>\n",
       "      <td>NaN</td>\n",
       "      <td>NaN</td>\n",
       "      <td>NaN</td>\n",
       "      <td>NaN</td>\n",
       "      <td>NaN</td>\n",
       "    </tr>\n",
       "    <tr>\n",
       "      <th>1</th>\n",
       "      <td>01801252-3a7e-4f5f-8b6d-49e8da3902f3</td>\n",
       "      <td>2022-09-30</td>\n",
       "      <td>1.0</td>\n",
       "      <td>1.0</td>\n",
       "      <td>1.0</td>\n",
       "      <td>1.0</td>\n",
       "      <td>1.0</td>\n",
       "      <td>3.0</td>\n",
       "      <td>3.0</td>\n",
       "      <td>1.0</td>\n",
       "      <td>...</td>\n",
       "      <td>NaN</td>\n",
       "      <td>NaN</td>\n",
       "      <td>NaN</td>\n",
       "      <td>NaN</td>\n",
       "      <td>NaN</td>\n",
       "      <td>NaN</td>\n",
       "      <td>NaN</td>\n",
       "      <td>NaN</td>\n",
       "      <td>NaN</td>\n",
       "      <td>NaN</td>\n",
       "    </tr>\n",
       "    <tr>\n",
       "      <th>2</th>\n",
       "      <td>01801252-3a7e-4f5f-8b6d-49e8da3902f3</td>\n",
       "      <td>2022-10-01</td>\n",
       "      <td>1.0</td>\n",
       "      <td>1.0</td>\n",
       "      <td>1.0</td>\n",
       "      <td>1.0</td>\n",
       "      <td>1.0</td>\n",
       "      <td>3.0</td>\n",
       "      <td>2.0</td>\n",
       "      <td>1.0</td>\n",
       "      <td>...</td>\n",
       "      <td>2.0</td>\n",
       "      <td>3.0</td>\n",
       "      <td>1.0</td>\n",
       "      <td>3.0</td>\n",
       "      <td>3.0</td>\n",
       "      <td>3.0</td>\n",
       "      <td>3.0</td>\n",
       "      <td>3.0</td>\n",
       "      <td>3.0</td>\n",
       "      <td>3.0</td>\n",
       "    </tr>\n",
       "  </tbody>\n",
       "</table>\n",
       "<p>3 rows × 42 columns</p>\n",
       "</div>"
      ],
      "text/plain": [
       "                  ParticipantIdentifier  trial_date  affect_neg_angry  \\\n",
       "0  01801252-3a7e-4f5f-8b6d-49e8da3902f3  2022-09-27               1.0   \n",
       "1  01801252-3a7e-4f5f-8b6d-49e8da3902f3  2022-09-30               1.0   \n",
       "2  01801252-3a7e-4f5f-8b6d-49e8da3902f3  2022-10-01               1.0   \n",
       "\n",
       "   affect_neg_ashamed  affect_neg_bored  affect_neg_depressed  \\\n",
       "0                 1.0               1.0                   1.0   \n",
       "1                 1.0               1.0                   1.0   \n",
       "2                 1.0               1.0                   1.0   \n",
       "\n",
       "   affect_neg_embarrassed  affect_neg_frustrated  affect_neg_guilty  \\\n",
       "0                     2.0                    3.0                2.0   \n",
       "1                     1.0                    3.0                3.0   \n",
       "2                     1.0                    3.0                2.0   \n",
       "\n",
       "   affect_neg_lazy  ...  affect_neg_sad_am  affect_neg_stressed_am  \\\n",
       "0              1.0  ...                NaN                     NaN   \n",
       "1              1.0  ...                NaN                     NaN   \n",
       "2              1.0  ...                2.0                     3.0   \n",
       "\n",
       "   affect_pos_amused_am  affect_pos_appreciated_am  affect_pos_excited_am  \\\n",
       "0                   NaN                        NaN                    NaN   \n",
       "1                   NaN                        NaN                    NaN   \n",
       "2                   1.0                        3.0                    3.0   \n",
       "\n",
       "   affect_pos_focused_am  affect_pos_happy_am  affect_pos_hopeful_am  \\\n",
       "0                    NaN                  NaN                    NaN   \n",
       "1                    NaN                  NaN                    NaN   \n",
       "2                    3.0                  3.0                    3.0   \n",
       "\n",
       "   affect_pos_motivated_am  affect_pos_relaxedCalm_am  \n",
       "0                      NaN                        NaN  \n",
       "1                      NaN                        NaN  \n",
       "2                      3.0                        3.0  \n",
       "\n",
       "[3 rows x 42 columns]"
      ]
     },
     "execution_count": 833,
     "metadata": {},
     "output_type": "execute_result"
    }
   ],
   "source": [
    "# join\n",
    "df_daily_affect_wide = df_affect_pm_wide.merge(df_affect_am_wide, how='left', on=['ParticipantIdentifier', 'trial_date'])\n",
    "\n",
    "df_daily_affect_wide.head(3)"
   ]
  },
  {
   "cell_type": "code",
   "execution_count": 835,
   "id": "d533b5b8-ca76-4fb3-b627-c00a0644e0a2",
   "metadata": {},
   "outputs": [],
   "source": [
    "# save to csv\n",
    "df_daily_affect_wide.to_csv(save_path + 'run1_affect.csv', index=False)"
   ]
  },
  {
   "cell_type": "markdown",
   "id": "638b2e1f-3032-409d-bdc5-ee9c16279eec",
   "metadata": {},
   "source": [
    "#### Correlations"
   ]
  },
  {
   "cell_type": "code",
   "execution_count": 154,
   "id": "a6b64e91-0f7d-4a1d-9ed8-ea1e120942e7",
   "metadata": {},
   "outputs": [
    {
     "data": {
      "application/vnd.plotly.v1+json": {
       "config": {
        "plotlyServerURL": "https://plot.ly"
       },
       "data": [
        {
         "coloraxis": "coloraxis",
         "hovertemplate": "ResultIdentifier: %{x}<br>ResultIdentifier: %{y}<br>color: %{z}<extra></extra>",
         "name": "0",
         "type": "heatmap",
         "x": [
          "affect_neg_angry",
          "affect_neg_ashamed",
          "affect_neg_bored",
          "affect_neg_depressed",
          "affect_neg_embarrassed",
          "affect_neg_frustrated",
          "affect_neg_guilty",
          "affect_neg_lazy",
          "affect_neg_lonelyIsolated",
          "affect_neg_nervousAnxious",
          "affect_neg_sad",
          "affect_neg_stressed",
          "affect_pos_amused",
          "affect_pos_appreciated",
          "affect_pos_excited",
          "affect_pos_focused",
          "affect_pos_happy",
          "affect_pos_hopeful",
          "affect_pos_motivated",
          "affect_pos_relaxedCalm"
         ],
         "xaxis": "x",
         "y": [
          "affect_neg_angry",
          "affect_neg_ashamed",
          "affect_neg_bored",
          "affect_neg_depressed",
          "affect_neg_embarrassed",
          "affect_neg_frustrated",
          "affect_neg_guilty",
          "affect_neg_lazy",
          "affect_neg_lonelyIsolated",
          "affect_neg_nervousAnxious",
          "affect_neg_sad",
          "affect_neg_stressed",
          "affect_pos_amused",
          "affect_pos_appreciated",
          "affect_pos_excited",
          "affect_pos_focused",
          "affect_pos_happy",
          "affect_pos_hopeful",
          "affect_pos_motivated",
          "affect_pos_relaxedCalm"
         ],
         "yaxis": "y",
         "z": [
          [
           1,
           0.5782799972077299,
           0.32193174926537027,
           0.620970659359951,
           0.5443874930602509,
           0.6547976966163116,
           0.5247617828891764,
           0.29804408096975976,
           0.4849540073990616,
           0.5076343328657519,
           0.639962491294209,
           0.48735386496932276,
           0.13086380025067623,
           0.06448794655751547,
           0.10086352232746398,
           0.12378378525132333,
           0.006404445929620984,
           0.08458701390352094,
           0.093111272157896,
           -0.016042174493975044
          ],
          [
           0.5782799972077299,
           1,
           0.32110030603915074,
           0.5593266814488765,
           0.7064406070535688,
           0.5628243844693822,
           0.6741401257918823,
           0.3551052159897732,
           0.4695998114975939,
           0.5568774110371739,
           0.5845148479863292,
           0.4795812738855013,
           0.22843090053383341,
           0.17440161808424703,
           0.18826524538258532,
           0.1436300351575341,
           0.11370282807686562,
           0.1419883851115069,
           0.1288062293970793,
           0.0874972110324665
          ],
          [
           0.32193174926537027,
           0.32110030603915074,
           1,
           0.39941257915390005,
           0.3714372477570161,
           0.3977266503778192,
           0.35239585757563624,
           0.5784515348141872,
           0.44487402129085984,
           0.3317044570667498,
           0.39328252747201137,
           0.34595613564147615,
           0.14846401929090602,
           0.08321794305942255,
           0.052785932175507776,
           0.06672550920427037,
           0.08749643114718741,
           0.08001138430068902,
           0.016521245011139017,
           0.14036280574639864
          ],
          [
           0.620970659359951,
           0.5593266814488765,
           0.39941257915390005,
           1,
           0.5311114118133118,
           0.5922289760508466,
           0.5364782306179054,
           0.37616354232571875,
           0.5845901729448769,
           0.524607814898773,
           0.7550175548239283,
           0.4816802620173882,
           0.08843632370459628,
           -0.014452195787144684,
           -0.00615378196316173,
           0.03470467182731783,
           -0.10567846103669233,
           -0.0057374634190677275,
           -0.006723129468030569,
           -0.034979049903399735
          ],
          [
           0.5443874930602509,
           0.7064406070535688,
           0.3714372477570161,
           0.5311114118133118,
           1,
           0.5049759933970233,
           0.6636895148297649,
           0.36007166197183343,
           0.43480962560126046,
           0.5405232390964789,
           0.5813321721255045,
           0.44683526240120014,
           0.28983190208057746,
           0.22226855820813815,
           0.23587519208744795,
           0.13556649231302578,
           0.15865553607864957,
           0.20253983927412292,
           0.15435471357558342,
           0.12806091656853844
          ],
          [
           0.6547976966163116,
           0.5628243844693822,
           0.3977266503778192,
           0.5922289760508466,
           0.5049759933970233,
           1,
           0.515810981086572,
           0.406198010199024,
           0.46318833203316223,
           0.5825333629754995,
           0.6175829338464235,
           0.6584749475930608,
           0.10263259331668419,
           0.03476800959509023,
           0.03397167120457688,
           0.08141272559153172,
           -0.01758884278147696,
           0.011754275645234206,
           0.03812805467515928,
           -0.02697280331517136
          ],
          [
           0.5247617828891764,
           0.6741401257918823,
           0.35239585757563624,
           0.5364782306179054,
           0.6636895148297649,
           0.515810981086572,
           1,
           0.35746109836783474,
           0.4462973585380172,
           0.525443717711729,
           0.6001074469298422,
           0.4743709009065643,
           0.18089409352183647,
           0.13866833427595793,
           0.15008612982912486,
           0.07575478106238996,
           0.074197374061574,
           0.1365000993133393,
           0.07786042126227861,
           0.07971966620438124
          ],
          [
           0.29804408096975976,
           0.3551052159897732,
           0.5784515348141872,
           0.37616354232571875,
           0.36007166197183343,
           0.406198010199024,
           0.35746109836783474,
           1,
           0.34529183279372566,
           0.37104220411006805,
           0.3698076133672919,
           0.40084982450373297,
           0.2386862737741655,
           0.15990403305835277,
           0.13678429301083891,
           0.023019204671408777,
           0.1859081329994949,
           0.12276268385506212,
           0.03346063907708761,
           0.21457391617105984
          ],
          [
           0.4849540073990616,
           0.4695998114975939,
           0.44487402129085984,
           0.5845901729448769,
           0.43480962560126046,
           0.46318833203316223,
           0.4462973585380172,
           0.34529183279372566,
           1,
           0.39935715037776964,
           0.5801973058518751,
           0.37253502959692997,
           0.01234545635749933,
           -0.0474342206398483,
           -0.013397288665045463,
           0.09122038559316595,
           -0.06930579615586695,
           0.05197419558165213,
           0.03855227661175874,
           -0.017326520630276027
          ],
          [
           0.5076343328657519,
           0.5568774110371739,
           0.3317044570667498,
           0.524607814898773,
           0.5405232390964789,
           0.5825333629754995,
           0.525443717711729,
           0.37104220411006805,
           0.39935715037776964,
           1,
           0.5682326019907695,
           0.7111383635481971,
           0.16569651210627948,
           0.1190811171835258,
           0.10775295421194714,
           0.20431731412388396,
           0.08138611896703285,
           0.10522984921157827,
           0.14854087683244052,
           0.009100098486203292
          ],
          [
           0.639962491294209,
           0.5845148479863292,
           0.39328252747201137,
           0.7550175548239283,
           0.5813321721255045,
           0.6175829338464235,
           0.6001074469298422,
           0.3698076133672919,
           0.5801973058518751,
           0.5682326019907695,
           1,
           0.5193973651457876,
           0.09527616985311871,
           0.009659548666790996,
           0.015496062656213144,
           0.0005102732066826061,
           -0.07707588761576205,
           0.03638235101899557,
           0.0043605479676410205,
           -0.01937142597052834
          ],
          [
           0.48735386496932276,
           0.4795812738855013,
           0.34595613564147615,
           0.4816802620173882,
           0.44683526240120014,
           0.6584749475930608,
           0.4743709009065643,
           0.40084982450373297,
           0.37253502959692997,
           0.7111383635481971,
           0.5193973651457876,
           1,
           0.06775163151604233,
           0.048547072775654725,
           0.006972146387608916,
           0.14811519765213021,
           -0.0008613227189431278,
           0.026279869725189392,
           0.09819393295207676,
           -0.05754339539392393
          ],
          [
           0.13086380025067623,
           0.22843090053383341,
           0.14846401929090602,
           0.08843632370459628,
           0.28983190208057746,
           0.10263259331668419,
           0.18089409352183647,
           0.2386862737741655,
           0.01234545635749933,
           0.16569651210627948,
           0.09527616985311871,
           0.06775163151604233,
           1,
           0.6368725401071859,
           0.6707570170126507,
           0.4582608323714772,
           0.6928337364975188,
           0.5873315048301304,
           0.5232588114632118,
           0.55217111824287
          ],
          [
           0.06448794655751547,
           0.17440161808424703,
           0.08321794305942255,
           -0.014452195787144684,
           0.22226855820813815,
           0.03476800959509023,
           0.13866833427595793,
           0.15990403305835277,
           -0.0474342206398483,
           0.1190811171835258,
           0.009659548666790996,
           0.048547072775654725,
           0.6368725401071859,
           1,
           0.6518638459484545,
           0.40154880100479834,
           0.683889765549455,
           0.6850557622701456,
           0.5281611316390902,
           0.4927626369161274
          ],
          [
           0.10086352232746398,
           0.18826524538258532,
           0.052785932175507776,
           -0.00615378196316173,
           0.23587519208744795,
           0.03397167120457688,
           0.15008612982912486,
           0.13678429301083891,
           -0.013397288665045463,
           0.10775295421194714,
           0.015496062656213144,
           0.006972146387608916,
           0.6707570170126507,
           0.6518638459484545,
           1,
           0.4722611785336621,
           0.7460677297166125,
           0.6593429928040299,
           0.6181109123726494,
           0.568643515296705
          ],
          [
           0.12378378525132333,
           0.1436300351575341,
           0.06672550920427037,
           0.03470467182731783,
           0.13556649231302578,
           0.08141272559153172,
           0.07575478106238996,
           0.023019204671408777,
           0.09122038559316595,
           0.20431731412388396,
           0.0005102732066826061,
           0.14811519765213021,
           0.4582608323714772,
           0.40154880100479834,
           0.4722611785336621,
           1,
           0.5284474863872554,
           0.49206350060336546,
           0.6832665635679428,
           0.40508341598336356
          ],
          [
           0.006404445929620984,
           0.11370282807686562,
           0.08749643114718741,
           -0.10567846103669233,
           0.15865553607864957,
           -0.01758884278147696,
           0.074197374061574,
           0.1859081329994949,
           -0.06930579615586695,
           0.08138611896703285,
           -0.07707588761576205,
           -0.0008613227189431278,
           0.6928337364975188,
           0.683889765549455,
           0.7460677297166125,
           0.5284474863872554,
           1,
           0.6639058817820042,
           0.6207351689176908,
           0.6272911768879089
          ],
          [
           0.08458701390352094,
           0.1419883851115069,
           0.08001138430068902,
           -0.0057374634190677275,
           0.20253983927412292,
           0.011754275645234206,
           0.1365000993133393,
           0.12276268385506212,
           0.05197419558165213,
           0.10522984921157827,
           0.03638235101899557,
           0.026279869725189392,
           0.5873315048301304,
           0.6850557622701456,
           0.6593429928040299,
           0.49206350060336546,
           0.6639058817820042,
           1,
           0.6152594752033805,
           0.49659493897754575
          ],
          [
           0.093111272157896,
           0.1288062293970793,
           0.016521245011139017,
           -0.006723129468030569,
           0.15435471357558342,
           0.03812805467515928,
           0.07786042126227861,
           0.03346063907708761,
           0.03855227661175874,
           0.14854087683244052,
           0.0043605479676410205,
           0.09819393295207676,
           0.5232588114632118,
           0.5281611316390902,
           0.6181109123726494,
           0.6832665635679428,
           0.6207351689176908,
           0.6152594752033805,
           1,
           0.5031195410521692
          ],
          [
           -0.016042174493975044,
           0.0874972110324665,
           0.14036280574639864,
           -0.034979049903399735,
           0.12806091656853844,
           -0.02697280331517136,
           0.07971966620438124,
           0.21457391617105984,
           -0.017326520630276027,
           0.009100098486203292,
           -0.01937142597052834,
           -0.05754339539392393,
           0.55217111824287,
           0.4927626369161274,
           0.568643515296705,
           0.40508341598336356,
           0.6272911768879089,
           0.49659493897754575,
           0.5031195410521692,
           1
          ]
         ]
        }
       ],
       "layout": {
        "autosize": false,
        "coloraxis": {
         "colorscale": [
          [
           0,
           "#0d0887"
          ],
          [
           0.1111111111111111,
           "#46039f"
          ],
          [
           0.2222222222222222,
           "#7201a8"
          ],
          [
           0.3333333333333333,
           "#9c179e"
          ],
          [
           0.4444444444444444,
           "#bd3786"
          ],
          [
           0.5555555555555556,
           "#d8576b"
          ],
          [
           0.6666666666666666,
           "#ed7953"
          ],
          [
           0.7777777777777778,
           "#fb9f3a"
          ],
          [
           0.8888888888888888,
           "#fdca26"
          ],
          [
           1,
           "#f0f921"
          ]
         ]
        },
        "height": 1000,
        "margin": {
         "t": 60
        },
        "template": {
         "data": {
          "bar": [
           {
            "error_x": {
